$call
neuralnet(formula = Wyjście ~ Wejście, data = trainingdata, hidden = 7, 
    threshold = 0.01, stepmax = 1e+07)

$response
      Wyjście
1   85.277715
2   11.783444
3    4.888762
4    2.675981
5   24.736743
6   16.668417
7   52.269785
8   22.915143
9   89.101533
10  52.689216
11  32.167545
12   4.640449
13  31.769322
14  21.882288
15  74.587982
16  69.050277
17  58.990672
18   1.600244
19  19.002536
20   7.819909
21  30.966970
22  10.172166
23  68.796644
24  24.308688
25   7.002727
26  20.084614
27  82.690243
28  41.159308
29   8.758219
30  17.454317
31  23.654644
32  10.854563
33  22.461361
34  32.215964
35  23.287015
36  15.007152
37  14.786930
38  31.637156
39  92.012900
40  27.617421
41   1.717306
42  71.028051
43   2.142785
44  47.578053
45  92.586431
46  74.616301
47  28.860876
48  73.822338
49   3.618379
50   1.483070
51  21.674470
52   2.986065
53  28.739232
54   3.129910
55  21.549752
56  18.078646
57  68.442746
58  26.877273
59  66.540856
60  69.249426
61  89.742627
62  49.587360
63  90.969831
64  12.331373
65  31.630087
66  99.540721
67  41.282846
68  52.794272
69  15.601728
70   2.890239
71  45.777202
72  87.785448
73   3.835387
74  50.172577
75   5.238784
76  10.299367
77  48.003738
78  49.218643
79  10.675351
80  50.586381
81  73.386777
82  28.424047
83  97.691362
84  20.754040
85  47.087175
86  50.035952
87  24.623028
88  50.916824
89  28.918512
90   9.748761
91  64.826439
92  22.005558
93  24.442849
94   2.464001
95  42.688949
96  89.262339
97  14.706760
98  64.529275
99  24.867242
100 40.624071

$covariate
               
  [1,] 9.234588
  [2,] 3.427972
  [3,] 2.185484
  [4,] 1.571035
  [5,] 4.972909
  [6,] 4.080627
  [7,] 7.229734
  [8,] 4.786105
  [9,] 9.439357
 [10,] 7.258685
 [11,] 5.671340
 [12,] 2.126305
 [13,] 5.636112
 [14,] 4.676856
 [15,] 8.636423
 [16,] 8.309635
 [17,] 7.680508
 [18,] 1.130161
 [19,] 4.357721
 [20,] 2.785355
 [21,] 5.564453
 [22,] 3.182876
 [23,] 8.294359
 [24,] 4.929651
 [25,] 2.632649
 [26,] 4.480322
 [27,] 9.093411
 [28,] 6.415424
 [29,] 2.950578
 [30,] 4.175998
 [31,] 4.862809
 [32,] 3.288962
 [33,] 4.738418
 [34,] 5.675609
 [35,] 4.824830
 [36,] 3.871217
 [37,] 3.842589
 [38,] 5.624371
 [39,] 9.592332
 [40,] 5.254731
 [41,] 1.188546
 [42,] 8.427801
 [43,] 1.374728
 [44,] 6.897611
 [45,] 9.622181
 [46,] 8.638063
 [47,] 5.371800
 [48,] 8.591982
 [49,] 1.860871
 [50,] 1.067303
 [51,] 4.654562
 [52,] 1.672827
 [53,] 5.360460
 [54,] 1.717681
 [55,] 4.641132
 [56,] 4.250222
 [57,] 8.272998
 [58,] 5.183789
 [59,] 8.157240
 [60,] 8.321609
 [61,] 9.473254
 [62,] 7.041767
 [63,] 9.537807
 [64,] 3.507335
 [65,] 5.623742
 [66,] 9.977007
 [67,] 6.425047
 [68,] 7.265919
 [69,] 3.947458
 [70,] 1.642156
 [71,] 6.765800
 [72,] 9.369384
 [73,] 1.920644
 [74,] 7.083201
 [75,] 2.266068
 [76,] 3.202924
 [77,] 6.928402
 [78,] 7.015536
 [79,] 3.261444
 [80,] 7.112353
 [81,] 8.566597
 [82,] 5.330967
 [83,] 9.883892
 [84,] 4.554506
 [85,] 6.861933
 [86,] 7.073550
 [87,] 4.961454
 [88,] 7.135547
 [89,] 5.377164
 [90,] 3.115187
 [91,] 8.051467
 [92,] 4.690029
 [93,] 4.943250
 [94,] 1.496708
 [95,] 6.533567
 [96,] 9.447871
 [97,] 3.832114
 [98,] 8.032991
 [99,] 4.986021
[100,] 6.373568

$model.list
$model.list$response
[1] "Wyjście"

$model.list$variables
[1] "Wejście"


$err.fct
function (x, y) 
{
    1/2 * (y - x)^2
}
<bytecode: 0x000001565d2ba258>
<environment: 0x000001565a5dc9d8>
attr(,"type")
[1] "sse"

$act.fct
function (x) 
{
    1/(1 + exp(-x))
}
<bytecode: 0x000001565d2b5458>
<environment: 0x000001565a5dce70>
attr(,"type")
[1] "logistic"

$linear.output
[1] TRUE

$data
     Wejście   Wyjście
1   9.234588 85.277715
2   3.427972 11.783444
3   2.185484  4.888762
4   1.571035  2.675981
5   4.972909 24.736743
6   4.080627 16.668417
7   7.229734 52.269785
8   4.786105 22.915143
9   9.439357 89.101533
10  7.258685 52.689216
11  5.671340 32.167545
12  2.126305  4.640449
13  5.636112 31.769322
14  4.676856 21.882288
15  8.636423 74.587982
16  8.309635 69.050277
17  7.680508 58.990672
18  1.130161  1.600244
19  4.357721 19.002536
20  2.785355  7.819909
21  5.564453 30.966970
22  3.182876 10.172166
23  8.294359 68.796644
24  4.929651 24.308688
25  2.632649  7.002727
26  4.480322 20.084614
27  9.093411 82.690243
28  6.415424 41.159308
29  2.950578  8.758219
30  4.175998 17.454317
31  4.862809 23.654644
32  3.288962 10.854563
33  4.738418 22.461361
34  5.675609 32.215964
35  4.824830 23.287015
36  3.871217 15.007152
37  3.842589 14.786930
38  5.624371 31.637156
39  9.592332 92.012900
40  5.254731 27.617421
41  1.188546  1.717306
42  8.427801 71.028051
43  1.374728  2.142785
44  6.897611 47.578053
45  9.622181 92.586431
46  8.638063 74.616301
47  5.371800 28.860876
48  8.591982 73.822338
49  1.860871  3.618379
50  1.067303  1.483070
51  4.654562 21.674470
52  1.672827  2.986065
53  5.360460 28.739232
54  1.717681  3.129910
55  4.641132 21.549752
56  4.250222 18.078646
57  8.272998 68.442746
58  5.183789 26.877273
59  8.157240 66.540856
60  8.321609 69.249426
61  9.473254 89.742627
62  7.041767 49.587360
63  9.537807 90.969831
64  3.507335 12.331373
65  5.623742 31.630087
66  9.977007 99.540721
67  6.425047 41.282846
68  7.265919 52.794272
69  3.947458 15.601728
70  1.642156  2.890239
71  6.765800 45.777202
72  9.369384 87.785448
73  1.920644  3.835387
74  7.083201 50.172577
75  2.266068  5.238784
76  3.202924 10.299367
77  6.928402 48.003738
78  7.015536 49.218643
79  3.261444 10.675351
80  7.112353 50.586381
81  8.566597 73.386777
82  5.330967 28.424047
83  9.883892 97.691362
84  4.554506 20.754040
85  6.861933 47.087175
86  7.073550 50.035952
87  4.961454 24.623028
88  7.135547 50.916824
89  5.377164 28.918512
90  3.115187  9.748761
91  8.051467 64.826439
92  4.690029 22.005558
93  4.943250 24.442849
94  1.496708  2.464001
95  6.533567 42.688949
96  9.447871 89.262339
97  3.832114 14.706760
98  8.032991 64.529275
99  4.986021 24.867242
100 6.373568 40.624071

$exclude
NULL

$net.result
$net.result[[1]]
            [,1]
  [1,] 85.272765
  [2,] 11.783728
  [3,]  4.884051
  [4,]  2.698510
  [5,] 24.731588
  [6,] 16.680430
  [7,] 52.264037
  [8,] 22.912933
  [9,] 89.098619
 [10,] 52.682901
 [11,] 32.168054
 [12,]  4.639242
 [13,] 31.769071
 [14,] 21.882453
 [15,] 74.591946
 [16,] 69.052612
 [17,] 58.981663
 [18,]  1.572782
 [19,] 19.010347
 [20,]  7.799375
 [21,] 30.965246
 [22,] 10.162619
 [23,] 68.798733
 [24,] 24.304062
 [25,]  6.982063
 [26,] 20.089572
 [27,] 82.686659
 [28,] 41.169837
 [29,]  8.740768
 [30,] 17.465371
 [31,] 23.651024
 [32,] 10.849291
 [33,] 22.460144
 [34,] 32.216566
 [35,] 23.284063
 [36,] 15.018908
 [37,] 14.798378
 [38,] 31.636655
 [39,] 92.014591
 [40,] 27.611513
 [41,]  1.703154
 [42,] 71.031840
 [43,]  2.155909
 [44,] 47.580390
 [45,] 92.589158
 [46,] 74.620254
 [47,] 28.856021
 [48,] 73.826540
 [49,]  3.633053
 [50,]  1.438317
 [51,] 21.675159
 [52,]  3.007982
 [53,] 28.734243
 [54,]  3.150697
 [55,] 21.550762
 [56,] 18.088568
 [57,] 68.444472
 [58,] 26.871105
 [59,] 66.540314
 [60,] 69.251946
 [61,] 89.740556
 [62,] 49.585992
 [63,] 90.969682
 [64,] 12.334589
 [65,] 31.629573
 [66,] 99.539498
 [67,] 41.293329
 [68,] 52.787821
 [69,] 15.613980
 [70,]  2.912649
 [71,] 45.782715
 [72,] 87.781233
 [73,]  3.846742
 [74,] 50.170168
 [75,]  5.229652
 [76,] 10.290614
 [77,] 48.005288
 [78,] 49.217946
 [79,] 10.668959
 [80,] 50.583258
 [81,] 73.391048
 [82,] 28.418741
 [83,] 97.697013
 [84,] 20.757168
 [85,] 47.090408
 [86,] 50.033783
 [87,] 24.618004
 [88,] 50.913148
 [89,] 28.913722
 [90,]  9.736622
 [91,] 64.823589
 [92,] 22.005420
 [93,] 24.438046
 [94,]  2.484850
 [95,] 42.698516
 [96,] 89.259625
 [97,] 14.718078
 [98,] 64.526020
 [99,] 24.861948
[100,] 40.634739


$weights
$weights[[1]]
$weights[[1]][[1]]
           [,1]       [,2]       [,3]       [,4]      [,5]       [,6]      [,7]
[1,] -6.7475832  2.8572213 -5.5164675 -4.2619313 -13.06936 -10.029051 -8.788492
[2,]  0.9544163 -0.9056992  0.9316985  0.8489561   1.22857   1.102664  1.070461

$weights[[1]][[2]]
          [,1]
[1,]  13.41124
[2,]  16.66991
[3,] -14.56970
[4,]  13.95391
[5,]  13.94616
[6,]  47.19009
[7,]  18.03453
[8,]  17.82400



$generalized.weights
$generalized.weights[[1]]
               [,1]
  [1,] -0.002569699
  [2,] -0.054000069
  [3,] -0.221450218
  [4,] -0.642237394
  [5,] -0.016915222
  [6,] -0.031112064
  [7,] -0.005388984
  [8,] -0.019008394
  [9,] -0.002408006
 [10,] -0.005324555
 [11,] -0.011331419
 [12,] -0.241230580
 [13,] -0.011549772
 [14,] -0.020398208
 [15,] -0.003145296
 [16,] -0.003539904
 [17,] -0.004493764
 [18,] -2.428029364
 [19,] -0.025354420
 [20,] -0.104071688
 [21,] -0.012010980
 [22,] -0.068341076
 [23,] -0.003559884
 [24,] -0.017371109
 [25,] -0.124134208
 [26,] -0.023272162
 [27,] -0.002690297
 [28,] -0.007754708
 [29,] -0.086835487
 [30,] -0.028943908
 [31,] -0.018108700
 [32,] -0.061590116
 [33,] -0.019598603
 [34,] -0.011305325
 [35,] -0.018546766
 [36,] -0.036719387
 [37,] -0.037590317
 [38,] -0.011623751
 [39,] -0.002294926
 [40,] -0.014303508
 [41,] -1.903014438
 [42,] -0.003390078
 [43,] -1.038908831
 [44,] -0.006212493
 [45,] -0.002273406
 [46,] -0.003143469
 [47,] -0.013375045
 [48,] -0.003195387
 [49,] -0.367288046
 [50,] -3.317673183
 [51,] -0.020698784
 [52,] -0.519534934
 [53,] -0.013461468
 [54,] -0.476032568
 [55,] -0.020882806
 [56,] -0.027398019
 [57,] -0.003588064
 [58,] -0.014907567
 [59,] -0.003745731
 [60,] -0.003524341
 [61,] -0.002382479
 [62,] -0.005834851
 [63,] -0.002334645
 [64,] -0.050211421
 [65,] -0.011627729
 [66,] -0.002022662
 [67,] -0.007719042
 [68,] -0.005308624
 [69,] -0.034529480
 [70,] -0.552646235
 [71,] -0.006588429
 [72,] -0.002461718
 [73,] -0.332108115
 [74,] -0.005732264
 [75,] -0.197865781
 [76,] -0.066994246
 [77,] -0.006129015
 [78,] -0.005901129
 [79,] -0.063254830
 [80,] -0.005661591
 [81,] -0.003224491
 [82,] -0.013689687
 [83,] -0.002088375
 [84,] -0.022125524
 [85,] -0.006311227
 [86,] -0.005755934
 [87,] -0.017034360
 [88,] -0.005606229
 [89,] -0.013334413
 [90,] -0.073155689
 [91,] -0.003897401
 [92,] -0.020223403
 [93,] -0.017226031
 [94,] -0.760551752
 [95,] -0.007331827
 [96,] -0.002401566
 [97,] -0.037915993
 [98,] -0.003924669
 [99,] -0.016780208
[100,] -0.007912477


$startweights
$startweights[[1]]
$startweights[[1]][[1]]
         [,1]        [,2]      [,3]       [,4]       [,5]       [,6]      [,7]
[1,] 2.055811 -0.91410587 -0.417658 -0.2474435 -0.2024868 -1.8663818 0.5107405
[2,] 1.366748  0.09437706 -0.538334 -2.0942992  1.6531941 -0.7928515 0.5936414

$startweights[[1]][[2]]
             [,1]
[1,]  0.053114809
[2,]  0.294754746
[3,] -1.347162579
[4,] -0.569694313
[5,]  1.496506903
[6,]  1.248592688
[7,]  0.008515923
[8,]  0.252961089



$result.matrix
                               [,1]
error                  4.884554e-03
reached.threshold      9.822543e-03
steps                  3.813200e+04
Intercept.to.1layhid1 -6.747583e+00
Wejście.to.1layhid1    9.544163e-01
Intercept.to.1layhid2  2.857221e+00
Wejście.to.1layhid2   -9.056992e-01
Intercept.to.1layhid3 -5.516467e+00
Wejście.to.1layhid3    9.316985e-01
Intercept.to.1layhid4 -4.261931e+00
Wejście.to.1layhid4    8.489561e-01
Intercept.to.1layhid5 -1.306936e+01
Wejście.to.1layhid5    1.228570e+00
Intercept.to.1layhid6 -1.002905e+01
Wejście.to.1layhid6    1.102664e+00
Intercept.to.1layhid7 -8.788492e+00
Wejście.to.1layhid7    1.070461e+00
Intercept.to.Wyjście   1.341124e+01
1layhid1.to.Wyjście    1.666991e+01
1layhid2.to.Wyjście   -1.456970e+01
1layhid3.to.Wyjście    1.395391e+01
1layhid4.to.Wyjście    1.394616e+01
1layhid5.to.Wyjście    4.719009e+01
1layhid6.to.Wyjście    1.803453e+01
1layhid7.to.Wyjście    1.782400e+01

attr(,"class")
[1] "nn"