      Wejście Oczekiwane Wyjście Wyjście sieci neuronowej
1   13.125108          5.1490541               138.521819
2   15.312502          5.4573392               140.840143
3   11.063065          4.8072241               120.240929
4   16.508486          5.6077491               140.983858
5    8.844167          4.3595162                78.220580
6   11.187608          4.8296136               122.266307
7    5.614115          3.4505679                31.521218
8   15.398324          5.4685174               140.858524
9   14.379318          5.3315818               140.455188
10  11.021171          4.7996362               119.534246
11   9.066781          4.4092346                82.203482
12   3.143142          2.2904457                 9.911398
13   5.957623          3.5693433                35.502518
14   8.812350          4.3523083                77.659389
15  19.831919          5.9745854               141.028880
16   1.401548          0.6751552                 2.225974
17   5.977853          3.5761229                35.744294
18   9.433700          4.4885767                88.991730
19  11.364755          4.8610337               124.937234
20   2.336591          1.6973861                 5.543766
21   9.182356          4.4345676                84.311100
22  17.119449          5.6804303               141.007463
23   2.040830          1.4267137                 4.298969
24  17.391467          5.7119594               141.013584
25   3.452484          2.4781882                11.952532
26  18.142593          5.7965248               141.023088
27   1.599450          0.9393195                 2.782913
28   1.611072          0.9537999                 2.817876
29   6.703095          3.8051388                44.939557
30  18.544197          5.8403138               141.025608
31  10.074082          4.6199320               101.469378
32   1.406739          0.6825480                 2.239678
33  10.954174          4.7874412               118.379290
34   3.339244          2.4114890                11.182787
35  11.986187          4.9675098               132.203462
36  14.475624          5.3449323               140.517239
37  12.689948          5.0816204               136.910697
38  15.564265          5.4899552               140.889157
39  16.166328          5.5658611               140.960928
40  14.354752          5.3281621               140.438199
41   6.573540          3.7661049                43.221876
42  17.468667          5.7208176               141.014992
43  19.750488          5.9663564               141.028786
44   5.022098          3.2276954                25.222428
45   3.200490          2.3266077                10.275027
46  12.228786          5.0075854               134.191419
47   4.411251          2.9683164                19.477878
48  10.157590          4.6364425               103.133575
49  11.923381          4.9570024               131.615953
50  10.850175          4.7683625               116.530408
51  13.177725          5.1570558               138.669764
52   3.557696          2.5382260                12.690628
53  15.744483          5.5129801               140.916240
54   3.273448          2.3716877                10.747433
55   4.795789          3.1354767                23.005460
56  10.582080          4.7183240               111.507853
57  10.611057          4.7237931               112.065156
58  18.436496          5.8286644               141.025044
59   9.373586          4.4757914                87.860041
60  16.549142          5.6126685               140.986014
61  19.906186          5.9820610               141.028958
62  19.979987          5.9894622               141.029029
63   5.287073          3.3305297                27.952510
64   7.445248          4.0151520                55.423392
65  18.581866          5.8443723               141.025789
66   1.793207          1.1680116                 3.399980
67   8.974624          4.3888021                80.542576
68  14.000957          5.2782513               140.130335
69  11.782935          4.9333046               130.186498
70   8.598094          4.3030811                73.931585
71  13.608421          5.2213775               139.601478
72  16.531667          5.6105555               140.985100
73  15.464848          5.4771392               140.871535
74   7.415853          4.0072401                54.986840
75  14.394435          5.3336833               140.465401
76  19.854067          5.9768178               141.028904
77  16.539268          5.6114749               140.985500
78   4.959067          3.2024352                24.594368
79  10.486977          4.7002684               109.660449
80  15.184621          5.4405663               140.809024
81   1.348321          0.5977204                 2.088145
82  11.989287          4.9680270               132.231652
83  17.479189          5.7220219               141.015174
84  12.501280          5.0516620               135.946693
85  16.895197          5.6540588               141.000703
86  11.395463          4.8664305               125.373816
87  13.118128          5.1479901               138.501535
88  12.054920          4.9789457               132.811085
89   2.133830          1.5158367                 4.669951
90  10.016894          4.6085461               100.331566
91  11.545473          4.8925867               127.390602
92   5.976686          3.5757323                35.730323
93  16.117425          5.5598020               140.956820
94  16.058790          5.5525127               140.951570
95   8.505209          4.2813577                72.343024
96  13.245282          5.1672829               138.847436
97  15.095167          5.4287492               140.784264
98   7.094184          3.9185507                50.325603
99   1.239685          0.4297148                 1.821801
100 15.118893          5.4318904               140.791090
101  9.554580          4.5140413                91.290475
102 13.222570          5.1638504               138.789194
103  9.512505          4.5052145                90.486880
104  4.408163          2.9669160                19.450754
105  2.621153          1.9272283                 6.922604
106  2.510635          1.8410714                 6.365860
107  9.506955          4.5040473                90.381161
108  5.372770          3.3626872                28.866454
109  8.382078          4.2521917                70.262790
110 11.506576          4.8858374               126.886278
111 10.231193          4.6508824               104.600624
112  9.938117          4.5927552                98.768741
113  1.604541          0.9456759                 2.798198
114  4.560901          3.0350404                20.815241
115 10.066254          4.6183772               101.313507
116  2.361012          1.7181805                 5.655087
117 13.076623          5.1416523               138.377643
118  2.010448          1.3967153                 4.181773
119 13.431597          5.1952198               139.272961
120  8.510799          4.2826716                72.438145
121  9.949223          4.5949889                98.988670
122 15.412699          5.4703835               140.861423
123  1.304940          0.5323137                 1.979412
124 13.268524          5.1707892               138.905519
125  2.190329          1.5681031                 4.904429
126  7.333480          3.9849004                53.772995
127 11.693894          4.9181337               129.194811
128 13.654596          5.2281523               139.676853
129  2.112968          1.4961876                 4.585118
130  3.127725          2.2806119                 9.814811
131  5.560789          3.4314802                30.924429
132  2.150607          1.5315002                 4.738857
133 16.812304          5.6442220               140.997712
134  4.700992          3.0955471                22.108023
135  1.439511          0.7286072                 2.327309
136 10.460437          4.6952005               109.140594
137 10.358275          4.6755715               107.126112
138  6.242255          3.6626829                38.978093
139 18.095827          5.7913627               141.022710
140 14.655399          5.3696176               140.615759
141 12.055999          4.9791248               132.820340
142 13.640345          5.2260638               139.654015
143  1.054030          0.1052423                 1.410688
144  4.246998          2.8924247                18.061276
145  1.903005          1.2868683                 3.782914
146  3.860633          2.7016621                14.937188
147  6.725510          3.8118155                45.240068
148 12.448315          5.0431706               135.641181
149  4.755886          3.1187662                22.625467
150 18.826222          5.8705014               141.026788
151  2.509412          1.8400971                 6.359851
152 17.433387          5.7167743               141.014365
153 12.805687          5.0997788               137.415068
154 11.384920          4.8645794               125.224832
155 13.398720          5.1903184               139.204235
156 16.520278          5.6091772               140.984494
157  4.650548          3.0739701                21.637937
158  4.094332          2.8192071                16.792133
159  3.147365          2.2931311                 9.937944
160 17.297922          5.7011727               141.011697
161 16.553306          5.6131716               140.986229
162  8.887991          4.3694020                78.996826
163 11.928275          4.9578233               131.662867
164 12.685165          5.0808664               136.888504
165  1.808176          1.1846367                 3.450739
166 11.131920          4.8196333               121.375048
167  7.745147          4.0941328                59.979332
168 14.825815          5.3927398               140.691642
169  4.558301          3.0339000                20.791622
170  4.865290          3.1642525                23.675092
171 18.733314          5.8606068               141.026442
172  4.126335          2.8347793                17.054413
173  5.407646          3.3756278                29.242729
174 10.022283          4.6096218               100.438692
175  2.657333          1.9546458                 7.110713
176  9.327703          4.4659775                87.001434
177  5.532470          3.4212689                30.609846
178 14.621953          5.3650481               140.598981
179 17.086956          5.6766307               141.006591
180  3.493737          2.5019440                12.239319
181  6.414560          3.7171407                41.158748
182 19.679613          5.9591664               141.028697
183  8.029116          4.1661490                64.463695
184 10.562378          4.7145969               111.127349
185  7.753743          4.0963514                60.112663
186 16.317712          5.5845023               140.972228
187 15.388542          5.4672464               140.856523
188 11.319628          4.8530763               124.281264
189  5.294423          3.3333082                28.030304
190  1.598243          0.9378101                 2.779298
191 13.803901          5.2499025               139.894822
192  6.778816          3.8276049                45.958704
193  5.745310          3.4967677                33.013929
194 18.919888          5.8804273               141.027102
195 17.599402          5.7357298               141.017102
196  6.661142          3.7925818                44.379739
197  2.499607          1.8322667                 6.311783
198  5.546012          3.4261581                30.760064
199 13.384553          5.1882026               139.173822
200 15.715845          5.5093388               140.912315
201 13.418760          5.1933075               139.246432
202 16.982229          5.6643349               141.003541
203  3.458733          2.4818046                11.995752
204  2.221648          1.5964988                 5.037397
205  3.513265          2.5130915                12.376253
206 10.392293          4.6821290               107.798952
207  9.507262          4.5041119                90.387004
208 15.220983          5.4453498               140.818359
209 11.549372          4.8932621               127.440438
210  9.003466          4.3952192                81.060525
211 19.782632          5.9696088               141.028824
212 12.347892          5.0269707               135.016038
213 19.085403          5.8978476               141.027578
214  4.666651          3.0808835                21.787442
215  7.852933          4.1217742                61.662097
216 10.743178          4.7485419               114.565128
217 15.782991          5.5178657               140.921311
218  7.693891          4.0808532                59.187507
219 19.013263          5.8902735               141.027382
220 14.181836          5.3039240               140.303632
221  5.654050          3.4647441                31.971915
222 16.641080          5.6237486               140.990522
223  5.467414          3.3976116                29.893355
224 16.964161          5.6622059               141.002976
225 11.843415          4.9435441               130.821997
226  6.214084          3.6536365                38.627051
227  9.052374          4.4060542                81.942694
228  3.115269          2.2726307                 9.737129
229  2.578207          1.8941885                 6.703061
230 16.974441          5.6634175               141.003299
231 15.534849          5.4861717               140.884158
232  5.005991          3.2212709                25.061158
233  3.700487          2.6169287                13.727252
234  9.456494          4.4934035                89.422861
235 12.390046          5.0337868               135.285969
236  1.651279          1.0031005                 2.940817
237  6.162480          3.6369585                37.988015
238  7.518983          4.0348619                56.526307
239  2.904058          2.1322180                 8.469763
240  4.119860          2.8316382                17.001182
241  5.554547          3.4292338                30.854945
242 18.278610          5.8114631               141.024078
243 15.769711          5.5161821               140.919588
244 17.259925          5.6967746               141.010869
245  3.550210          2.5340135                12.637390
246 12.149413          4.9945617               133.588321
247 10.489130          4.7006789               109.702547
248  4.818135          3.1447739                23.219680
249 16.113396          5.5593019               140.956471
250 11.690126          4.9174892               129.151359
251 19.941467          5.9856027               141.028993
252 13.667858          5.2300939               139.697771
253  5.671874          3.4710390                32.174112
254  8.724740          4.3323252                76.124318
255  9.723751          4.5491429                94.557255
256  6.267028          3.6706046                39.288077
257  1.808373          1.1848552                 3.451412
258 17.428455          5.7162085               141.014275
259  2.754352          2.0263641                 7.629313
260  5.106769          3.2611338                26.079037
261 15.081796          5.4269768               140.780331
262 16.439502          5.5993742               140.979954
263  6.056327          3.6022072                36.689817
264  6.220928          3.6558380                38.712193
265 16.352730          5.5887898               140.974565
266  7.722684          4.0883239                59.631648
267 13.251673          5.1682476               138.863558
268  9.423069          4.4863217                88.791039
269 14.280773          5.3178282               140.383960
270 11.444472          4.8750136               126.053975
271 19.168197          5.9065050               141.027784
272 10.997433          4.7953237               119.128436
273 17.085337          5.6764412               141.006547
274 19.704225          5.9616661               141.028729
275 11.763749          4.9300453               129.978492
276  3.014345          2.2067649                 9.119748
277  7.350975          3.9896659                54.029628
278  6.569895          3.7649958                43.174035
279 11.120114          4.8175110               121.183068
280 15.354695          5.4628425               140.849414
281  9.567837          4.5168143                91.544427
282  2.566560          1.8851328                 6.644219
283 12.293158          5.0180857               134.648702
284 17.501704          5.7245965               141.015556
285  3.183917          2.3162247                10.169247
286  5.815897          3.5211899                33.831345
287 16.267569          5.5783469               140.968708
288  6.729828          3.8130993                45.298080
289 17.145175          5.6834336               141.008130
290  5.751661          3.4989772                33.087063
291 10.430179          4.6894068               108.545985
292 19.312959          5.9215527               141.028100
293 18.523859          5.8381192               141.025507
294 12.465573          5.0459413               135.742507
295  7.701814          4.0829117                59.309552
296 16.751608          5.6369885               140.995329
297 16.546813          5.6123871               140.985894
298  5.704300          3.4824406                32.543606
299  9.079299          4.4119939                82.430420
300  4.332693          2.9323786                18.793706